2 2 2
3
4 50 100 10
35
2 1 200 2 (15,20),(30,19)
2 2 56 1 (11,4)  
3 3 134 0
4 4 134 0
6 5 120 1 (12,3)
6 6 170 1 (50,2)
9 7 100 1 (20,5)
10 8 115 2 (13,5) (19,22)
11 9 30 0
12 10 215 3 (50,20) (100,3) (120,13)
13 11 140 1 (11,4)
14 12 117 2 (22,15) (100,30)
17 13 56  1 (40,20)
17 14 67  1 (50,22)
17 15 199 3 (100,15) (120,18) (130,20)
17 16 200 3 (150,10) (160,20) (170,30)
17 17 78 1 (70,15)
17 18 99 2 (80,12) (90,16)
17 19 21 0
17 20 289 3 (100,17) (200,13) (250,15)
20 21 67 1 (50,14)
20 22 45 0
21 23 68 1 (40,28)
23 24 53 0
24 25 76 1 (60,13)
25 26 88 1 (70,24)
27 27 66 1 (30,25)
27 28 55 0
30 29 44 0
31 30 100 2 (40,14) (80,24)
32 31 300 3 (50,21) (150,22) (260,23)
32 32 96 2 (60,23) (80,10)
34 33 86 2 (65,21) (85,26)
35 34 90 2 (70,24) (80,20)
35 35 60 1 (30,15)
9 34
50 8
